   2.5000000e+00   6.4189612e+00
   7.5000000e+00   5.6429728e+00
   1.2500000e+01   1.0800515e+01
   1.7500000e+01   1.1657962e+01
   2.2500000e+01   7.3082263e+00
   2.7500000e+01   1.2445330e+01
   3.2500000e+01   7.2211703e+00
   3.7500000e+01   6.0795610e+00
   4.2500000e+01   7.8093876e+00
   4.7500000e+01   8.3742551e+00
   5.2500000e+01   5.9436504e+00
   5.7500000e+01   5.5050461e+00
   6.2500000e+01   6.6592682e+00
   6.7500000e+01   7.1594427e+00
   7.2500000e+01   6.3967640e+00
   7.7500000e+01   9.4068153e+00
   8.2500000e+01   6.4816415e+00
   8.7500000e+01   9.4206874e+00
   9.2500000e+01   6.5569219e+00
   9.7500000e+01   8.2076431e+00
   1.0250000e+02   6.6607254e+00
   1.0750000e+02   7.8076978e+00
