   2.5000000e+00   7.7242143e+00
   7.5000000e+00   4.1965250e+00
   1.2500000e+01   6.3619284e+00
   1.7500000e+01   6.1579805e+00
   2.2500000e+01   5.6556267e+00
   2.7500000e+01   9.8072442e+00
   3.2500000e+01   9.2753903e+00
   3.7500000e+01   9.9062789e+00
   4.2500000e+01   6.3343652e+00
   4.7500000e+01   6.6178356e+00
   5.2500000e+01   5.5435416e+00
   5.7500000e+01   6.1894855e+00
   6.2500000e+01   6.1446579e+00
   6.7500000e+01   6.1473349e+00
   7.2500000e+01   4.5899227e+00
   7.7500000e+01   4.5100935e+00
   8.2500000e+01   3.5181145e+00
   8.7500000e+01   5.0082169e+00
   9.2500000e+01   3.1235214e+00
   9.7500000e+01   3.7606248e+00
   1.0250000e+02   3.5375340e+00
   1.0750000e+02   3.9837076e+00
   1.1250000e+02   4.7356732e+00
   1.1750000e+02   2.7046642e+00
   1.2250000e+02   3.4901485e+00
   1.2750000e+02   8.5152610e+00
   1.3250000e+02   4.5981270e+00
